1028018
2012690
2303352
2860930
3123231
3128078
3217852
3248885
3342210
3630998
3728906
3831820
3834913
3853938
3869649
3939069
4142137
4249702
4276035
4285178
4459146
4585486
4639291
4749912
4824987
4851941
4995346
5003985
5176547
5182832
5183039
5263650
5281811
5357275
5374789
5459300
5474356
5510843
5563561
5648294
5695372
5706292
5783884
5788095
5953631
5991070
6059055
6110415
6191218
6266444
6278465
6347470
6347656
6352768
6385972
6387419
6431380
6468721
6503941
6504503
6508169
6510909
6610891
6611563
6613812
6630715
6836589
6843454
6865416
6865484
6876367
6932164
6934317
6960242
7034441
7093228
7104854
7130464
7137278
7192234
7256548
7264671
7267949
7287601
7293816
7300533
7353813
7354508
7435701
7509982
7532880
7612227
7679876
7761519
7763435
7840145
7869831
7872305
7886115
7937361
7954521
8040308
8042739
8084770
8086085
8086144
8090349
8092433
8092454
8143238
8167703
8176783
8277175
8285970
8355911
8359398
8377620
8416788
8424356
8424593
8487307
8491152
8566072
8570781
8571004
8589530
8590762
8604805
8610178
8620757
8621939
8653039
8694559
8733902
8736900
8766918
8767105
8802624
8822421
8848528
8892124
8936408
8946267
8977559
9030812
9049540
9050543
9075109
9138848
9141747
9142773
9150539
9159119
9287643
9290677
9335973
9392121
9410906
9509071
9520338
9549300
9583493
9598005
9656102
9666115
9716645
9727020
9764877
9772971
9779373
9786953
9815596
9825370
9846290
9848292
9875451
9881857
9910701
9935067
9959608
9963468
10006032
10007720
10011070
10019381
10064358
10067449
10187494
10222884
10273897
10275962
10279828
10284814
10287183
10351715
10387363
10489544
10489814
10529366
10537061
10610702
10731303
10801794
10848443
10861194
10864581
10910862
10914339
10916827
10917907
10936708
11017553
11018441
11027590
11029842
11075480
11129171
11129752
11140181
11141091
11187057
11200366
11234909
11234992
11235995
11243947
11284655
11395310
11403440
11408490
11413690
11414507
11441482
11462675
11462734
11466671
11599385
11600907
11652015
11658610
11665627
11666355
11760462
11766769
11773567
11803937
11805605
11818232
11818740
11972298
12003808
12006416
12009642
12010836
12053270
12058874
12102631
12109550
12207117
12266582
12315148
12354328
12453480
12456337
12735599
