KIC           t_start       t_end         t_max         flux_max      raw_integral  energy        fit_amp       fit_fwhm      fit_t_start   fit_t_end     fit_t_max     fit_integral  fit_stdev     
005183039     2455198.2901  2455198.3514  2455198.3310  80.9391       2.84116988    3.3430E+33    93.5128       0.0966        2455198.2897  2455198.4983  2455198.3343  16.53233598   21.96802844   
005183039     2455585.2613  2455585.3431  2455585.3022  132.5483      7.36182620    8.2622E+33    213.4787      0.0502        2455585.2732  2455585.4397  2455585.3008  19.67098089   31.86882918   
005183039     2455685.5520  2455685.6133  2455685.5724  239.3078      6.94679455    9.4000E+33    239.0812      0.0417        2455685.5461  2455685.7545  2455685.5724  18.21622295   21.62251232   
005183039     2455807.1552  2455807.3187  2455807.1756  113.7978      15.40215928   1.5463E+34    200.7618      0.0590        2455807.2130  2455807.3951  2455807.2446  21.70355162   32.33872421   
005183039     2455945.5671  2455945.6284  2455945.5876  56.1456       1.64770183    2.3262E+33    56.1111       0.0417        2455945.5714  2455945.6366  2455945.5876  4.27383014    18.13807701   
005183039     2456107.2831  2456107.3853  2456107.3444  11.3127       0.50502709    8.6627E+32    -99.0000      -99.0000      -99.0000      -99.0000      -99.0000      -99.00000000  11.02651513   
005183039     2456362.5964  2456362.6577  2456362.6373  67.6400       2.53338276    2.8084E+33    91.7711       0.0626        2456362.5927  2456362.7458  2456362.6233  10.52318923   18.93560504   
005263650     2455120.2573  2455120.3185  2455120.2777  50.1559       1.60297899    7.9151E+33    50.1225       0.0417        2455120.2549  2455120.3907  2455120.2777  3.81788187    7.59419053    
005263650     2455425.4556  2455425.5169  2455425.4760  86.1355       2.76130072    1.3921E+34    85.7655       0.0417        2455425.4491  2455425.6739  2455425.4760  6.55661603    6.98922939    
005263650     2455691.2534  2455691.3147  2455691.2943  25.9744       0.54480660    4.2095E+33    25.8706       0.0417        2455691.2517  2455691.3768  2455691.2738  1.97716819    4.29734629    
005263650     2455692.2547  2455692.3160  2455692.2956  20.8210       0.59108370    3.3743E+33    20.7282       0.0417        2455692.2549  2455692.3549  2455692.2750  1.58489073    4.36819705    
005263650     2455839.6436  2455839.7253  2455839.6844  43.6778       2.05205563    1.0416E+34    53.9895       0.0519        2455839.6459  2455839.8297  2455839.6751  5.13361304    7.47899284    
005263650     2455865.0823  2455865.1436  2455865.1232  27.0220       0.86525961    4.2961E+33    19.5539       0.2288        2455864.9917  2455865.2912  2455865.0715  8.17606942    7.43704277    
005263650     2455935.0849  2455935.1462  2455935.1053  37.8019       1.16477194    6.1537E+33    37.6500       0.0417        2455935.0801  2455935.2641  2455935.1053  2.87747143    4.02422848    
005263650     2456200.6444  2456200.7057  2456200.6852  52.7228       0.92764487    8.6157E+33    15.2293       0.0517        2456200.6338  2456200.7105  2456200.6532  1.44051819    5.17480260    
005263650     2456229.3729  2456229.4342  2456229.3933  22.0824       0.72745780    3.5375E+33    22.0081       0.0417        2456229.3720  2456229.4845  2456229.3932  1.68090840    4.09224787    
005263650     2456236.3608  2456236.4221  2456236.3813  16.9275       0.53795147    2.7117E+33    16.8854       0.0417        2456236.3632  2456236.4420  2456236.3812  1.28852447    4.54613861    
005263650     2456288.3211  2456288.3824  2456288.3416  14.7888       0.44323452    2.3691E+33    14.7312       0.0417        2456288.3218  2456288.4168  2456288.3415  1.12571684    3.27678534    
005263650     2456288.4846  2456288.5459  2456288.5050  16.1561       0.52383513    2.5881E+33    16.0878       0.0417        2456288.4849  2456288.5832  2456288.5049  1.22979938    3.45157768    
005263650     2456410.7397  2456410.8010  2456410.7806  17.0858       0.47699769    2.7932E+33    17.0179       0.0417        2456410.7421  2456410.8201  2456410.7600  1.30057068    4.63395040    
005281811     2455002.9290  2455003.0312  2455002.9495  9.9000        0.58487480    4.1419E+33    9.8974        0.0417        2455002.9483  2455003.0657  2455002.9699  0.75359659    1.75232907    
005281811     2455013.3300  2455013.4322  2455013.4118  13.6989       0.74589650    5.7311E+33    12.4794       0.0887        2455013.3364  2455013.5698  2455013.3811  2.02562042    2.38104136    
005281811     2455518.5685  2455518.6503  2455518.5890  11.5003       0.53323015    3.7574E+33    11.4810       0.0417        2455518.5765  2455518.7086  2455518.5991  0.87541010    1.79477081    
005281811     2455656.7800  2455656.8617  2455656.8413  11.3529       0.45335896    3.6128E+33    11.3283       0.0417        2455656.7880  2455656.9215  2455656.8106  0.86419269    1.75015389    
005281811     2455683.8965  2455684.0191  2455683.9578  20.5257       1.39054827    1.0887E+34    20.4492       0.0417        2455683.9298  2455684.0861  2455683.9537  1.56241361    2.65578504    
005281811     2455937.6392  2455937.7005  2455937.6801  7.1527        0.25747306    1.5599E+33    7.1202        0.0417        2455937.6394  2455937.7395  2455937.6595  0.54445872    1.49922063    
005281811     2455947.5084  2455947.5697  2455947.5288  7.6125        0.27498820    1.6602E+33    7.5988        0.0417        2455947.5097  2455947.5984  2455947.5288  0.57946717    1.81117960    
005281811     2455947.7536  2455947.8149  2455947.7944  6.9279        0.23560707    1.5109E+33    6.9087        0.0417        2455947.7554  2455947.8388  2455947.7739  0.52735726    1.75444142    
005281811     2455952.6167  2455952.6780  2455952.6371  4.5424        0.12279254    9.9062E+32    5.8320        0.0417        2455952.6212  2455952.6842  2455952.6370  0.44548365    1.95126317    
005281811     2455955.3343  2455955.3956  2455955.3752  5.4459        0.17579039    1.1877E+33    -99.0000      -99.0000      -99.0000      -99.0000      -99.0000      -99.00000000  1.96782919    
005281811     2455955.7225  2455955.8043  2455955.7430  31.2889       0.86407039    1.0235E+34    5.8978        0.0519        2455955.7102  2455955.7922  2455955.7305  0.56035417    1.89427620    
005281811     2455956.8259  2455956.9077  2455956.8668  14.6761       0.57355705    4.8010E+33    14.6282       0.0417        2455956.8327  2455956.9868  2455956.8565  1.11714102    1.92966772    
005281811     2455965.4284  2455965.4897  2455965.4692  12.8112       0.38728788    2.7940E+33    12.7786       0.0417        2455965.4263  2455965.5560  2455965.4487  0.97519361    2.03777876    
005281811     2455965.7962  2455965.8575  2455965.8370  12.2649       0.37659269    2.6748E+33    12.3322       0.0796        2455965.7854  2455966.0280  2455965.8280  1.79474656    2.00982264    
005281811     2456014.9192  2456014.9805  2456014.9396  3.1939        0.08945532    6.9657E+32    6.2881        0.0158        2456014.9467  2456014.9637  2456014.9514  0.15166818    2.81217814    
005281811     2456267.4597  2456267.5210  2456267.4801  44.1422       1.39084078    9.7404E+33    44.0011       0.0417        2456267.4535  2456267.6674  2456267.4800  3.36009831    3.84824948    
005281811     2456353.7893  2456353.8711  2456353.8506  14.3892       0.65323293    4.7700E+33    15.1759       0.0634        2456353.7838  2456354.0384  2456353.8210  1.76113911    1.81771462    
005281811     2456393.6765  2456393.7787  2456393.6970  10.5634       0.72164607    4.5352E+33    7.8318        0.0777        2456393.6656  2456393.8365  2456393.7019  1.11166517    1.80172713    
005357275     2454961.6313  2454961.6926  2454961.6518  884.4604      28.44400676   4.0352E+33    880.8790      0.0417        2454961.6255  2454961.8339  2454961.6517  67.32397896   79.90068302   
005357275     2454965.0235  2454965.0848  2454965.0439  994.6664      29.54748757   4.5937E+33    994.4028      0.0417        2454965.0202  2454965.1725  2454965.0439  75.71427293   132.52628347  
005357275     2454969.1512  2454969.2125  2454969.1921  319.3994      10.97350584   1.4751E+33    318.8709      0.0417        2454969.1537  2454969.2315  2454969.1716  24.31280712   86.88477880   
005357275     2454984.5383  2454984.5996  2454984.5588  1255.7280     38.89424764   5.7993E+33    1254.7615     0.0417        2454984.5334  2454984.7202  2454984.5588  95.58629607   131.17516520  
005357275     2455004.3800  2455004.4413  2455004.4004  708.1967      24.36108697   3.1054E+33    705.5249      0.0417        2455004.3789  2455004.4955  2455004.4004  53.90777117   126.39745238  
005357275     2455004.7070  2455004.7683  2455004.7274  511.7676      17.33516459   2.2440E+33    566.9989      0.0417        2455004.7083  2455004.7967  2455004.7274  43.16285156   135.30984047  
005357275     2455017.2739  2455017.3556  2455017.3148  906.8221      32.04779603   5.9644E+33    904.9473      0.0417        2455017.2806  2455017.4374  2455017.3045  69.02763643   116.83674201  
005357275     2455036.6452  2455036.7065  2455036.6656  3182.2072     102.50909934  1.3953E+34    3174.1734     0.0417        2455036.6370  2455036.9064  2455036.6656  242.23001705  193.27557901  
005357275     2455050.3357  2455050.3970  2455050.3765  1708.5316     57.17600796   7.4915E+33    1755.7620     0.0417        2455050.3308  2455050.5158  2455050.3561  133.97704336  186.13402378  
005357275     2455071.4842  2455071.5455  2455071.5250  1279.5838     40.03342568   5.6105E+33    1583.2236     0.0246        2455071.4965  2455071.5932  2455071.5108  71.47930083   194.88268958  
005357275     2455106.6492  2455106.7105  2455106.6697  941.5456      32.57204448   4.3448E+33    1077.1321     0.0441        2455106.6441  2455106.8676  2455106.6721  86.88861644   95.74481574   
005357275     2455110.8584  2455110.9197  2455110.8788  1027.7523     35.68535267   4.7426E+33    1112.2197     0.0562        2455110.8471  2455111.1021  2455110.8815  114.58261948  114.86608501  
005357275     2455161.3270  2455161.4087  2455161.3679  2072.2122     82.15771387   1.4343E+34    2067.4953     0.0417        2455161.3325  2455161.5139  2455161.3576  157.73752836  224.53150980  
005357275     2455164.7801  2455164.8414  2455164.8006  737.8526      24.96979183   3.4048E+33    878.7694      0.0133        2455164.7964  2455164.8373  2455164.8035  21.62223303   143.14890483  
005357275     2455175.6708  2455175.7321  2455175.6912  975.7060      29.17672058   4.5024E+33    972.1011      0.0417        2455175.6685  2455175.8027  2455175.6912  74.27052137   149.69781566  
005357275     2455208.5067  2455208.5680  2455208.5271  983.1606      29.45764598   4.5560E+33    915.3182      0.0177        2455208.5140  2455208.5659  2455208.5233  29.78815202   156.22827708  
005357275     2455222.0132  2455222.0745  2455222.0336  2732.6334     80.48613472   1.2663E+34    2501.2717     0.0070        2455222.0243  2455222.0589  2455222.0287  32.15576533   230.71242403  
005357275     2455260.0406  2455260.1223  2455260.0815  1573.7023     67.29346556   1.0939E+34    1571.0104     0.0417        2455260.0479  2455260.2650  2455260.0746  119.79084044  134.31898700  
005357275     2455283.5401  2455283.6014  2455283.5809  379.7777      13.12241397   1.7552E+33    425.6806      0.0417        2455283.5403  2455283.6395  2455283.5604  32.50377852   90.33923193   
005357275     2455290.0995  2455290.1813  2455290.1404  1416.6343     58.59438492   9.8207E+33    1414.7961     0.0417        2455290.1067  2455290.2531  2455290.1301  107.83481657  197.28202760  
005357275     2455292.2656  2455292.3269  2455292.2860  1300.3816     42.04451668   6.0099E+33    1358.8007     0.0092        2455292.2784  2455292.3068  2455292.2833  22.95722327   218.58899849  
005357275     2455293.0421  2455293.1443  2455293.0625  7650.7029     314.84861202  7.0717E+34    1630.2674     0.0895        2455293.0019  2455293.3801  2455293.0555  266.59920305  183.41376602  
005357275     2455306.9375  2455306.9989  2455306.9580  1078.6590     35.76332426   4.9852E+33    1161.6853     0.0136        2455306.9466  2455307.0025  2455306.9546  28.83129082   134.75448210  
005357275     2455316.5622  2455316.6235  2455316.5827  782.2169      25.86410407   3.6151E+33    903.1879      0.0247        2455316.5729  2455316.6530  2455316.5863  41.05111036   138.37201097  
005357275     2455321.8343  2455321.9161  2455321.8548  1333.0236     53.39721739   9.2411E+33    1704.9045     0.0228        2455321.8456  2455321.9509  2455321.8596  71.20011200   171.86362705  
005357275     2455327.8012  2455327.8625  2455327.8216  851.3588      30.59785753   3.9347E+33    843.6061      0.0344        2455327.8008  2455327.8937  2455327.8183  53.13582060   156.47576113  
005357275     2455329.3338  2455329.3951  2455329.3542  942.3750      32.38736024   4.3553E+33    940.6845      0.0417        2455329.3321  2455329.4566  2455329.3542  71.73394571   156.80373963  
005357275     2455343.6584  2455343.7197  2455343.6993  637.4045      21.35700103   2.9458E+33    440.1640      0.0579        2455343.6469  2455343.7327  2455343.6687  46.61054783   149.81085332  
005357275     2455344.7823  2455344.8436  2455344.8027  830.7914      27.69303180   3.8396E+33    828.1289      0.0417        2455344.7803  2455344.9083  2455344.8026  63.23968048   134.07671917  
005357275     2455349.5844  2455349.6661  2455349.6048  731.7371      37.66263854   5.0727E+33    1177.1602     0.0203        2455349.5989  2455349.6898  2455349.6112  43.57809263   122.70104484  
005357275     2455361.4976  2455361.5589  2455361.5385  730.5723      28.39770097   3.3764E+33    948.6137      0.0221        2455361.5081  2455361.5692  2455361.5194  38.45600277   171.85188000  
005357275     2455376.3328  2455376.3941  2455376.3533  2488.4897     76.70797661   1.0789E+34    2436.6063     0.0143        2455376.3419  2455376.4135  2455376.3509  63.56367454   219.18681184  
005357275     2455385.6099  2455385.6712  2455385.6303  740.1934      25.16012779   3.2090E+33    739.5497      0.0417        2455385.6098  2455385.7131  2455385.6303  56.34387070   150.16217010  
005357275     2455390.7593  2455390.8206  2455390.7797  2477.2365     73.86707751   1.0740E+34    2469.3049     0.0417        2455390.7533  2455390.9630  2455390.7796  188.56674626  221.96345655  
005357275     2455393.7426  2455393.8039  2455393.7631  951.8677      32.86701436   4.1266E+33    952.5966      0.0417        2455393.7418  2455393.8540  2455393.7630  72.68836316   177.56293481  
005357275     2455397.3186  2455397.3799  2455397.3390  1008.8615     30.64942459   4.3737E+33    1005.6471     0.0417        2455397.3150  2455397.4707  2455397.3389  76.79420162   131.10504425  
005357275     2455436.2649  2455436.3262  2455436.2853  1110.9420     33.19364443   4.8161E+33    1110.8193     0.0417        2455436.2597  2455436.4504  2455436.2853  84.56584428   112.99618814  
005357275     2455466.1993  2455466.2606  2455466.2197  514.4161      18.68339302   2.4440E+33    555.5195      0.0417        2455466.2010  2455466.2860  2455466.2197  42.41675913   138.44744362  
005357275     2455479.7667  2455479.8280  2455479.7871  764.8173      27.23964529   3.6337E+33    762.9891      0.0417        2455479.7667  2455479.8684  2455479.7870  58.21815812   157.69240860  
005357275     2455496.9914  2455497.0936  2455497.0731  208.2914      20.76593591   1.9792E+33    273.7708      0.1201        2455496.9954  2455497.1000  2455497.0267  60.05942725   141.20782298  
005357275     2455528.5598  2455528.6416  2455528.6007  1031.1767     54.04396975   7.3487E+33    1074.9263     0.0417        2455528.5689  2455528.6857  2455528.5905  81.86282152   191.55441001  
005357275     2455550.6477  2455550.7090  2455550.6681  535.4899      19.22369982   2.5441E+33    894.9686      0.0245        2455550.6671  2455550.7541  2455550.6808  40.41939648   124.29179397  
005357275     2455586.4056  2455586.4874  2455586.4465  625.9874      23.73441184   4.6654E+33    623.1743      0.0417        2455586.4141  2455586.5396  2455586.4362  47.65002180   103.22500758  
005357275     2455590.4106  2455590.4719  2455590.4310  311.3107      9.91060904    1.5468E+33    339.0459      0.0417        2455590.4137  2455590.4865  2455590.4309  25.92544619   98.90345557   
005357275     2455592.4948  2455592.5561  2455592.5152  390.9596      12.98349697   1.9425E+33    444.8834      0.0263        2455592.5039  2455592.5697  2455592.5169  21.39774985   89.39142245   
005357275     2455598.3388  2455598.4001  2455598.3592  1069.9159     32.96554206   5.3160E+33    1067.5468     0.0417        2455598.3359  2455598.4803  2455598.3592  81.44238628   151.33402179  
005357275     2455600.7091  2455600.7704  2455600.7295  3274.0451     101.32440278  1.6268E+34    3259.2224     0.0417        2455600.7025  2455600.9274  2455600.7294  249.21953948  265.44480811  
005357275     2455668.2848  2455668.3462  2455668.3053  568.2002      17.57569654   2.6816E+33    566.4711      0.0417        2455668.2828  2455668.4128  2455668.3052  43.25169376   90.20881894   
005357275     2455673.0870  2455673.1483  2455673.1074  1028.4436     32.50722301   4.8538E+33    940.5346      0.0247        2455673.0885  2455673.1753  2455673.1023  42.56363645   131.20021060  
005357275     2455680.3617  2455680.4434  2455680.3821  603.5527      30.79399766   4.2727E+33    618.9807      0.0417        2455680.3729  2455680.4648  2455680.3923  47.19706610   142.11258732  
005357275     2455684.4281  2455684.4894  2455684.4486  647.6914      21.53028033   3.0568E+33    659.0454      0.0417        2455684.4289  2455684.5222  2455684.4485  50.28360418   149.15611422  
005357275     2455691.3759  2455691.4372  2455691.3963  527.2438      16.17357500   2.4884E+33    525.2450      0.0417        2455691.3742  2455691.4979  2455691.3962  40.13368208   88.27390074   
005357275     2455736.5156  2455736.5973  2455736.5564  446.5662      21.51532669   3.1614E+33    445.7809      0.0417        2455736.5265  2455736.6215  2455736.5462  33.99268013   98.90744313   
005357275     2455750.0021  2455750.0634  2455750.0225  1269.4318     41.72055069   5.9542E+33    1269.3055     0.0417        2455750.0005  2455750.1236  2455750.0225  96.62951994   213.64157205  
005357275     2455793.9961  2455794.0778  2455794.0165  2095.8632     95.54306018   1.4745E+34    2582.6845     0.0306        2455793.9997  2455794.1313  2455794.0181  144.60808631  284.59775317  
005357275     2455801.0252  2455801.1069  2455801.0456  2409.6962     104.21637194  1.6953E+34    2682.9512     0.0159        2455801.0264  2455801.0920  2455801.0358  77.97896025   310.12635686  
005357275     2455810.1180  2455810.1793  2455810.1384  1119.7195     35.25503773   5.2517E+33    1170.7108     0.0117        2455810.1304  2455810.1775  2455810.1372  25.16874909   139.94333219  
005357275     2455815.4715  2455815.5737  2455815.4919  1097.1848     78.30177464   1.0292E+34    1159.4347     0.0417        2455815.4901  2455815.6169  2455815.5124  88.26667450   189.21348089  
005357275     2455822.5414  2455822.6027  2455822.5618  985.1446      34.71208171   4.6205E+33    981.4740      0.0417        2455822.5403  2455822.6562  2455822.5617  74.98897557   176.83237572  
005357275     2455828.0787  2455828.1604  2455828.1196  1146.8853     42.77800531   8.0686E+33    1145.8460     0.0417        2455828.0867  2455828.2195  2455828.1093  87.30144508   177.89435560  
005357275     2455848.8180  2455848.8793  2455848.8589  645.8940      20.76858088   3.0045E+33    644.2403      0.0417        2455848.8189  2455848.9121  2455848.8384  49.16567387   145.86432839  
005357275     2455860.5260  2455860.6077  2455860.5668  1472.6170     62.92969530   1.0275E+34    1466.9199     0.0417        2455860.5342  2455860.6628  2455860.5565  112.09526775  236.56550017  
005357275     2455898.6941  2455898.7554  2455898.7350  484.8088      19.48407668   2.2552E+33    563.0957      0.0417        2455898.6935  2455898.8030  2455898.7145  42.99010951   107.69663199  
005357275     2455957.1120  2455957.2141  2455957.1324  7406.0934     358.84959935  7.3139E+34    7460.1236     0.0417        2455957.1198  2455957.5220  2455957.1528  569.48176506  192.43468255  
005357275     2455966.8996  2455966.9609  2455966.9200  1180.7236     37.55782413   5.8302E+33    1179.9740     0.0417        2455966.9004  2455966.9938  2455966.9200  89.87695629   266.07825576  
005357275     2455968.3913  2455968.4526  2455968.4117  2820.4400     89.35059548   1.3927E+34    2559.6184     0.0208        2455968.3931  2455968.5034  2455968.4065  97.49421610   213.43264650  
005357275     2455972.4984  2455972.5597  2455972.5189  1441.6681     45.56213819   7.1187E+33    1379.4705     0.0117        2455972.5081  2455972.5414  2455972.5141  29.68801618   242.61030947  
005357275     2455974.0105  2455974.0718  2455974.0309  2997.0472     88.57442514   1.4799E+34    2712.8211     0.0162        2455974.0178  2455974.0908  2455974.0276  80.76086633   282.51367938  
005357275     2456002.9858  2456003.0471  2456003.0063  3567.6957     100.95830475  1.7617E+34    2820.7509     0.0102        2456002.9929  2456003.0424  2456002.9992  53.04867087   267.60927185  
005357275     2456007.4405  2456007.5018  2456007.4813  598.5322      19.42088294   2.9555E+33    598.1288      0.0417        2456007.4435  2456007.5176  2456007.4609  45.56056720   170.82230966  
005357275     2456010.9552  2456011.0165  2456010.9960  704.3187      18.03655152   3.4779E+33    704.3089      0.0417        2456010.9542  2456011.0690  2456010.9756  53.61314612   127.67091797  
005357275     2456016.2681  2456016.3294  2456016.3089  1808.0483     32.78772912   8.2284E+33    1637.6207     0.0152        2456016.2868  2456016.3451  2456016.2956  45.64985070   207.20089658  
005357275     2456024.5644  2456024.6257  2456024.5848  1188.0088     35.05044546   5.4066E+33    1118.8547     0.0126        2456024.5755  2456024.6226  2456024.5827  26.11150990   147.35123128  
005357275     2456026.1378  2456026.1992  2456026.1583  580.9817      19.09942086   2.6441E+33    670.6701      0.0417        2456026.1387  2456026.2317  2456026.1582  51.16481291   152.19180503  
005357275     2456046.6336  2456046.6949  2456046.6541  1226.1540     34.95104380   5.5803E+33    1220.4748     0.0417        2456046.6330  2456046.7436  2456046.6540  93.33459219   231.37069576  
005357275     2456063.6147  2456063.6965  2456063.6556  1509.4246     63.51706324   1.0304E+34    1509.4102     0.0417        2456063.6227  2456063.7568  2456063.6454  114.89871014  231.60393163  
005357275     2456066.4960  2456066.5573  2456066.5164  1981.1815     61.76331869   9.0164E+33    1969.1034     0.0078        2456066.5087  2456066.5430  2456066.5133  28.30106916   211.86262807  
005357275     2456075.3237  2456075.3850  2456075.3646  1952.1077     55.90139942   8.8841E+33    2255.0203     0.0148        2456075.3397  2456075.4138  2456075.3490  61.50380803   204.78950227  
005357275     2456089.1170  2456089.1783  2456089.1374  799.6166      27.75880898   3.6391E+33    797.6879      0.0417        2456089.1147  2456089.2491  2456089.1374  60.86692050   122.44851600  
005357275     2456092.7339  2456092.7952  2456092.7543  685.7299      25.23050944   3.1208E+33    684.5870      0.0417        2456092.7337  2456092.8386  2456092.7543  52.19802132   136.87789321  
005357275     2456101.4185  2456101.4798  2456101.4389  596.9709      19.73789252   2.7168E+33    595.9536      0.0417        2456101.4183  2456101.5227  2456101.4389  45.44151734   119.72409651  
005357275     2456111.3291  2456111.3904  2456111.3700  865.1896      25.24661159   3.8751E+33    863.7785      0.0417        2456111.3269  2456111.4594  2456111.3495  65.85857990   134.50517048  
005357275     2456117.8476  2456117.9294  2456117.8885  6886.2480     222.64342314  4.6265E+34    6875.6589     0.0417        2456117.8459  2456118.2286  2456117.8783  524.18568208  200.99747301  
005357275     2456141.8576  2456141.9393  2456141.8780  5718.3852     253.53573982  3.8418E+34    5717.7545     0.0417        2456141.8573  2456142.1913  2456141.8882  435.28512651  228.84083403  
005357275     2456148.7234  2456148.7847  2456148.7642  1634.7597     53.53937347   7.3218E+33    1634.5709     0.0417        2456148.7199  2456148.8748  2456148.7438  124.43837784  213.76225739  
005357275     2456156.2634  2456156.3451  2456156.3042  3539.3947     154.97277180  2.3778E+34    3528.4806     0.0417        2456156.2653  2456156.5369  2456156.2940  269.41795449  211.86056773  
005357275     2456170.7507  2456170.8325  2456170.7712  3727.0901     161.82331376  2.5039E+34    3956.6011     0.0239        2456170.7474  2456170.8586  2456170.7620  173.73958130  395.79036267  
005357275     2456213.4967  2456213.5580  2456213.5172  649.4698      22.41503575   2.9510E+33    647.0601      0.0417        2456213.4951  2456213.6196  2456213.5171  49.43749130   107.98855773  
005357275     2456229.8838  2456229.9656  2456229.9451  652.8722      47.57496794   4.4497E+33    1133.6319     0.0417        2456229.8910  2456230.0371  2456229.9144  86.52300446   158.81763393  
005357275     2456265.3549  2456265.4162  2456265.3549  46.5439       10.83603120   2.1148E+32    470.8086      0.0262        2456265.3691  2456265.4348  2456265.3820  22.62708293   94.69334822   
005357275     2456293.4703  2456293.5316  2456293.4907  1006.1810     29.26136611   4.5718E+33    797.9840      0.0064        2456293.4790  2456293.5018  2456293.4826  9.40777037    110.19719216  
005357275     2456300.4992  2456300.5810  2456300.5197  2341.5521     99.11982240   1.5959E+34    3137.4995     0.0190        2456300.5124  2456300.6157  2456300.5247  109.02737999  251.87730797  
005357275     2456323.3434  2456323.4456  2456323.3639  6817.9344     251.27552318  6.4524E+34    2612.7867     0.0944        2456323.2897  2456323.9716  2456323.3572  444.84398374  129.70320200  
005357275     2456329.9843  2456330.0456  2456330.0047  166.5958      5.06771136    7.8832E+32    178.0248      0.0417        2456329.9867  2456330.0648  2456330.0046  13.58029697   48.39675200   
005357275     2456362.7599  2456362.8212  2456362.7803  488.7566      15.84154458   2.3128E+33    487.5007      0.0417        2456362.7590  2456362.8723  2456362.7803  37.19817056   89.94067090   
005357275     2456376.9616  2456377.0229  2456376.9820  2024.8717     65.36382757   9.5819E+33    2019.9443     0.0417        2456376.9536  2456377.2170  2456376.9820  154.10846888  127.79933348  
005357275     2456384.0931  2456384.1544  2456384.1135  792.7218      28.61153968   3.7512E+33    789.0438      0.0417        2456384.0916  2456384.2129  2456384.1134  60.33182075   135.53981190  
005357275     2456403.4649  2456403.5262  2456403.5057  924.7091      25.21709731   4.3012E+33    1049.6780     0.0283        2456403.4781  2456403.5673  2456403.4933  54.52143366   165.38206362  
005357275     2456412.4356  2456412.4969  2456412.4560  815.9264      28.93159670   3.7952E+33    983.6373      0.0429        2456412.4364  2456412.5620  2456412.4589  77.35057453   167.71307511  
005357275     2456420.9568  2456421.0181  2456420.9772  740.9756      21.49014957   3.4466E+33    779.8359      0.0070        2456420.9727  2456420.9979  2456420.9766  10.17490886   107.74598968  
005374789     2454973.2582  2454973.3195  2454973.2787  208.2175      6.52822924    2.4128E+34    202.7817      0.0212        2454973.2641  2454973.3512  2454973.2766  7.88414202    23.67109976   
005374789     2454986.1320  2454986.1933  2454986.1728  104.0439      3.59178948    1.2057E+34    113.7926      0.0417        2454986.1315  2454986.2400  2454986.1524  8.66261294    21.89644811   
005374789     2455023.7923  2455023.8536  2455023.8127  152.7517      4.67209868    1.7876E+34    119.2475      0.0172        2455023.7934  2455023.8462  2455023.8026  3.74000543    19.20672202   
005374789     2455025.5700  2455025.6313  2455025.5904  70.6341       2.46510891    8.2660E+33    70.5678       0.0417        2455025.5733  2455025.6447  2455025.5904  5.37671761    20.92406029   
005374789     2455051.3983  2455051.4596  2455051.4392  167.7582      3.48066331    1.9632E+34    169.0095      0.0263        2455051.4125  2455051.4940  2455051.4266  8.16573284    27.16626334   
005374789     2455108.8359  2455108.8972  2455108.8563  156.6327      5.36744077    1.8630E+34    156.3177      0.0417        2455108.8349  2455108.9493  2455108.8563  11.92290520   28.53049630   
005374789     2455135.5823  2455135.6436  2455135.6027  194.4514      6.23083443    2.3128E+34    212.8207      0.0204        2455135.5918  2455135.6664  2455135.6034  7.96406320    28.47542582   
005374789     2455148.5161  2455148.5774  2455148.5569  110.5076      3.20751610    1.3144E+34    115.4867      0.0060        2455148.5327  2455148.5507  2455148.5359  1.27811256    19.24012244   
005374789     2455466.3631  2455466.4244  2455466.3835  317.5916      9.90237191    3.7539E+34    351.7748      0.0174        2455466.3741  2455466.4560  2455466.3848  11.24824097   34.64885603   
005374789     2455626.3329  2455626.3942  2455626.3738  123.2715      3.36913883    1.4707E+34    123.1927      0.0417        2455626.3323  2455626.4428  2455626.3534  9.38348682    23.29428487   
005374789     2455944.1165  2455944.1778  2455944.1369  116.5396      3.69410892    1.3724E+34    96.8750       0.0199        2455944.1181  2455944.1730  2455944.1282  3.55889021    17.70623788   
005374789     2456030.4083  2456030.4900  2456030.4696  107.8124      4.13767397    1.8884E+34    107.6239      0.0417        2456030.4221  2456030.5221  2456030.4423  8.20669663    22.62005541   
005374789     2456033.6982  2456033.7595  2456033.7186  137.1598      4.36531678    1.6016E+34    136.6288      0.0417        2456033.6957  2456033.8331  2456033.7185  10.44057539   20.50978140   
005374789     2456068.8660  2456068.9273  2456068.8865  106.8179      3.22908510    1.2473E+34    117.1411      0.0141        2456068.8788  2456068.9039  2456068.8847  3.01855930    33.39208681   
005374789     2456220.4034  2456220.4647  2456220.4443  158.6363      4.95159311    1.8969E+34    216.0486      0.0315        2456220.4069  2456220.5564  2456220.4264  12.50366220   21.07642304   
005374789     2456256.8757  2456256.9370  2456256.8961  208.3539      6.53182669    2.4914E+34    207.7536      0.0417        2456256.8724  2456257.0242  2456256.8961  15.85996888   27.87090584   
005374789     2456267.9706  2456268.0319  2456268.0115  99.3450       2.75857996    1.1879E+34    87.7994       0.0270        2456267.9747  2456268.0374  2456267.9876  4.33350270    19.09427820   
005374789     2456305.9754  2456306.0163  2456305.9754  160.2477      2.77109770    9.5661E+33    159.7237      0.0417        2456305.9611  2456306.1302  2456305.9856  12.19802464   18.90747763   
005459300     2454961.5697  2454961.6310  2454961.6105  36.3646       1.21175146    2.5275E+33    37.8474       0.0417        2454961.5722  2454961.6498  2454961.5901  2.88398743    10.34202380   
005459300     2455105.1375  2455105.1988  2455105.1580  77.3109       2.68461371    5.6031E+33    89.1784       0.0393        2455105.1380  2455105.2729  2455105.1599  6.41197254    12.77314740   
005459300     2455186.6230  2455186.6843  2455186.6639  36.1918       1.21107203    2.5955E+33    36.3433       0.0607        2455186.6201  2455186.7334  2455186.6462  4.03679673    9.90363272    
005459300     2455206.2387  2455206.3409  2455206.2796  39.9302       2.94258970    5.7272E+33    38.1407       0.1816        2455206.1748  2455206.4545  2455206.2449  12.65933458   12.53357850   
005459300     2455263.3711  2455263.4324  2455263.3916  42.0601       1.43825087    3.0165E+33    41.9041       0.0417        2455263.3759  2455263.4377  2455263.3915  3.20160159    14.28892339   
005459300     2455469.4689  2455469.5302  2455469.5097  173.9450      3.66121224    1.2626E+34    90.1813       0.0367        2455469.4646  2455469.5513  2455469.4822  6.06327228    19.28091717   
005459300     2455660.7442  2455660.8055  2455660.7646  86.5484       2.70173832    6.0141E+33    89.7350       0.0186        2455660.7544  2455660.8311  2455660.7654  3.07412559    10.47209223   
005459300     2456034.3930  2456034.4543  2456034.4339  38.7206       1.07640556    2.7182E+33    36.4722       0.0111        2456034.4046  2456034.4263  2456034.4094  0.74154465    9.42529870    
005459300     2456104.1565  2456104.2178  2456104.1769  30.2846       1.01600071    2.1260E+33    34.9394       0.0119        2456104.1707  2456104.1924  2456104.1757  0.76707964    9.79373436    
005459300     2456303.9934  2456304.0752  2456304.0343  6.8281        0.21717734    7.5443E+32    12.5154       0.0136        2456304.0250  2456304.0307  2456304.0269  0.29439327    9.09530532    
005459300     2456326.8171  2456326.8784  2456326.8376  57.4653       1.87300961    4.2423E+33    57.2474       0.0417        2456326.8188  2456326.9041  2456326.8375  4.37424368    14.22722867   
005474356     2454988.0526  2454988.1344  2454988.0731  72.8100       2.78774464    2.0490E+34    72.7476       0.0417        2454988.0533  2454988.3573  2454988.0832  5.36680867    3.53715963    
005474356     2455045.9835  2455046.1061  2455046.0243  97.8291       6.69152599    5.0337E+34    92.6851       0.0649        2455045.9751  2455046.4943  2455046.0272  10.13375494   2.18452129    
005474356     2455065.0071  2455065.0889  2455065.0480  20.0227       0.72228517    6.1814E+33    20.0087       0.0417        2455065.0122  2455065.2044  2455065.0378  1.46070532    2.01511002    
005474356     2455101.6846  2455101.7664  2455101.7051  24.3825       1.38025189    7.5068E+33    27.3618       0.0802        2455101.6618  2455101.9337  2455101.7063  4.02042038    3.97866242    
005474356     2455141.1810  2455141.2627  2455141.2219  37.8642       1.65675687    1.1657E+34    37.7631       0.0417        2455141.1856  2455141.3866  2455141.2116  2.88223642    3.59455272    
005474356     2455198.5150  2455198.5968  2455198.5559  70.4659       2.78538368    2.0596E+34    70.2182       0.0417        2455198.5172  2455198.7804  2455198.5456  5.36384979    4.45569832    
005474356     2455256.4438  2455256.5255  2455256.4847  25.3965       1.18840129    7.4234E+33    24.6802       0.0637        2455256.4343  2455256.6266  2455256.4683  2.87435626    4.06476791    
005474356     2455290.0989  2455290.2011  2455290.1193  123.7567      5.86473829    4.7142E+34    123.5074      0.0417        2455290.1071  2455290.4972  2455290.1397  9.42043253    3.44320993    
005474356     2455310.6764  2455310.7582  2455310.7173  35.4613       1.94834910    1.0131E+34    20.1657       0.1040        2455310.6450  2455310.9069  2455310.6966  3.83455979    4.02913337    
005474356     2455311.2077  2455311.2895  2455311.2486  24.6553       1.12862382    7.0439E+33    26.3892       0.0727        2455311.2046  2455311.4385  2455311.2442  3.50808069    4.05485321    
005474356     2455315.4581  2455315.5399  2455315.4990  49.9064       2.17121898    1.4258E+34    49.8300       0.0417        2455315.4616  2455315.6904  2455315.4887  3.79889810    3.94448454    
005474356     2455333.7675  2455333.8493  2455333.7879  16.3944       0.74602755    4.6838E+33    29.1000       0.0061        2455333.7857  2455333.8102  2455333.7893  0.32886965    3.51868829    
005474356     2455334.8301  2455334.9118  2455334.8710  24.3149       1.08828753    6.9467E+33    23.2147       0.0712        2455334.8273  2455335.0548  2455334.8660  3.02710914    3.60111825    
005474356     2455337.9362  2455338.0383  2455337.9975  27.2030       1.89903741    1.0362E+34    27.8995       0.0862        2455337.9312  2455338.2336  2455337.9797  4.39811364    3.89897285    
005474356     2455341.0627  2455341.1444  2455341.0831  23.5497       0.51357167    6.7281E+33    6.2535        0.0476        2455341.0665  2455341.1002  2455341.0770  0.54551847    3.64085059    
005474356     2455351.0347  2455351.1165  2455351.0960  20.5727       1.02775634    5.8775E+33    18.8961       0.0901        2455351.0199  2455351.2845  2455351.0674  3.11298550    3.20482503    
005474356     2455351.3004  2455351.4025  2455351.3617  20.7728       1.47162038    7.9129E+33    9.0527        0.0865        2455351.2990  2455351.4169  2455351.3300  1.43135355    3.32224009    
005474356     2455353.6503  2455353.8343  2455353.6708  123.2438      7.14183223    9.3894E+34    35.7780       0.1541        2455353.5521  2455354.2717  2455353.6474  10.08370870   3.55196252    
005474356     2455366.7284  2455366.8101  2455366.7488  13.5833       0.66381116    3.8807E+33    21.4613       0.0245        2455366.7434  2455366.8177  2455366.7564  0.96122855    3.51188697    
005474356     2455369.1192  2455369.2010  2455369.1805  27.7797       1.17223393    7.9365E+33    27.7773       0.0417        2455369.1264  2455369.2748  2455369.1499  2.11460263    3.81165952    
005474356     2455373.7170  2455373.7783  2455373.7578  10.4697       0.17412554    2.1482E+33    -99.0000      -99.0000      -99.0000      -99.0000      -99.0000      -99.00000000  2.06858080    
005474356     2455374.7387  2455374.8000  2455374.7795  27.6804       0.21512069    5.6794E+33    14.4615       0.0326        2455374.7446  2455374.8690  2455374.7634  0.85092729    1.83561858    
005474356     2455376.1895  2455376.2508  2455376.2099  5.8441        0.17058840    1.1991E+33    -99.0000      -99.0000      -99.0000      -99.0000      -99.0000      -99.00000000  1.69892020    
005474356     2455379.0299  2455379.0912  2455379.0707  5.6831        0.02620515    1.1661E+33    5.6831        0.0417        2455379.0359  2455379.0898  2455379.0503  0.41980754    2.17720495    
005474356     2455383.2802  2455383.3415  2455383.3006  20.3614       0.66374004    4.1777E+33    20.3613       0.0417        2455383.2773  2455383.4211  2455383.3006  1.50407987    2.89509970    
005474356     2455387.3262  2455387.3875  2455387.3670  2.3683        -0.02710165   4.8593E+32    6.5935        0.0315        2455387.2700  2455387.3282  2455387.2834  0.37966719    1.82605605    
005474356     2455390.1257  2455390.1870  2455390.1461  14.5887       0.49888998    2.9933E+33    14.5336       0.0417        2455390.1224  2455390.2732  2455390.1460  1.06732521    1.96548345    
005474356     2455391.2087  2455391.2700  2455391.2291  15.5495       0.50950385    3.1904E+33    15.5495       0.0417        2455391.2027  2455391.4126  2455391.2291  1.14863135    1.39180959    
005474356     2455398.6262  2455398.6875  2455398.6671  5.8299        -0.15803081   1.1961E+33    7.8175        0.0417        2455398.6344  2455398.6771  2455398.6466  0.57881650    3.60822852    
005474356     2455402.6926  2455402.7539  2455402.7335  5.2389        -0.13570102   1.0749E+33    10.5572       0.0417        2455402.6973  2455402.7592  2455402.7130  0.77872765    3.59116919    
005474356     2455403.8573  2455403.9186  2455403.8982  2.6006        0.08573971    5.3358E+32    4.9100        0.0417        2455403.8686  2455403.8979  2455403.8778  0.35947125    2.86615645    
005474356     2455404.2252  2455404.2865  2455404.2456  2.2406        -0.03429146   4.5972E+32    5.9353        0.0417        2455404.2304  2455404.2891  2455404.2455  0.43945403    2.11964305    
005474356     2455404.9403  2455405.0016  2455404.9812  4.0881        -0.05848652   8.3877E+32    4.0727        0.0417        2455404.9440  2455405.0132  2455404.9607  0.29909029    1.24844700    
005474356     2455405.3082  2455405.3695  2455405.3490  18.8141       0.43922104    3.8602E+33    18.7702       0.0417        2455405.3044  2455405.4651  2455405.3285  1.38976849    2.35873673    
005474356     2455407.6581  2455407.7194  2455407.6785  18.3352       0.51254108    3.7619E+33    14.7597       0.0057        2455407.6676  2455407.6827  2455407.6704  0.15599788    2.80875729    
005474356     2455414.4217  2455414.4830  2455414.4421  13.2173       0.42425728    2.7118E+33    13.6415       0.0226        2455414.4273  2455414.5164  2455414.4404  0.56535245    1.67762722    
005474356     2455420.2861  2455420.3474  2455420.3066  15.0381       0.31620079    3.0854E+33    15.0030       0.0417        2455420.2860  2455420.3893  2455420.3065  1.11083809    3.04969108    
005474356     2455428.9500  2455429.0113  2455428.9909  2.5957        -0.05614063   5.3256E+32    7.6328        0.0417        2455428.9549  2455429.0156  2455428.9704  0.56262921    2.64445609    
005474356     2455430.1147  2455430.1760  2455430.1556  11.1496       0.27598429    2.2876E+33    15.1055       0.0310        2455430.1293  2455430.2377  2455430.1466  0.84498209    2.12479853    
005474356     2455434.0992  2455434.1605  2455434.1197  2.7548        0.02688241    5.6520E+32    6.5291        0.0417        2455434.1045  2455434.1631  2455434.1196  0.48342184    2.33140348    
005474356     2455434.3853  2455434.4466  2455434.4262  6.6147        0.19985047    1.3571E+33    6.4607        0.0021        2455434.3964  2455434.3984  2455434.3970  0.02564652    3.18759997    
005474356     2455441.6187  2455441.7005  2455441.6596  46.0385       1.67105902    1.4168E+34    45.9000       0.0417        2455441.6204  2455441.8991  2455441.6493  3.33727434    2.63258074    
005474356     2455453.4904  2455453.5722  2455453.5313  102.5261      3.91384347    3.1552E+34    102.3578      0.0417        2455453.4868  2455453.9306  2455453.5211  7.58866194    2.01342094    
005474356     2455456.7802  2455456.8415  2455456.8006  39.0439       1.28142473    8.0105E+33    38.9530       0.0417        2455456.7737  2455456.9980  2455456.8006  2.88410746    3.17839467    
005474356     2455458.3740  2455458.4353  2455458.3944  15.8202       0.45873533    3.2458E+33    15.7945       0.0417        2455458.3714  2455458.5107  2455458.3944  1.16861471    2.32819422    
005474356     2455460.3151  2455460.3764  2455460.3355  22.9888       0.81519279    4.7165E+33    22.9731       0.0417        2455460.3101  2455460.4978  2455460.3355  1.68188876    2.38700579    
005474356     2455460.4786  2455460.5399  2455460.5194  5.4277        0.11504035    1.1136E+33    -99.0000      -99.0000      -99.0000      -99.0000      -99.0000      -99.00000000  2.78745304    
005474356     2455472.3501  2455472.4319  2455472.4114  8.0348        0.35749338    2.4814E+33    3.7729        0.0356        2455472.3445  2455472.3518  2455472.3471  0.24365785    3.22755535    
005474356     2455524.5760  2455524.6782  2455524.6169  153.0683      6.08531584    6.3027E+34    152.7118      0.0417        2455524.5827  2455525.0183  2455524.6168  11.30686450   3.17480420    
005474356     2455531.7887  2455531.8704  2455531.8091  27.2880       1.32454117    8.4271E+33    27.2629       0.0417        2455531.7941  2455531.9761  2455531.8193  2.01976944    2.94793111    
005474356     2455538.9197  2455539.0014  2455538.9606  63.9552       2.76422390    1.9751E+34    63.8808       0.0417        2455538.9220  2455539.1809  2455538.9503  4.73377431    4.15854767    
005474356     2455645.4182  2455645.4999  2455645.4591  35.7453       1.60958586    1.0308E+34    35.6941       0.0417        2455645.4223  2455645.6357  2455645.4488  2.59115514    3.12473550    
005474356     2455754.0887  2455754.1500  2455754.1091  11.6535       0.40765074    2.4240E+33    13.2465       0.0417        2455754.0874  2455754.2061  2455754.1091  0.97937010    2.32068063    
005474356     2455756.7043  2455756.7656  2455756.7247  11.0847       0.37554176    2.3057E+33    11.0749       0.0417        2455756.7058  2455756.7928  2455756.7247  0.81881501    2.68806431    
005474356     2455759.1972  2455759.2586  2455759.2177  25.0244       0.84403439    5.2053E+33    24.9975       0.0417        2455759.1900  2455759.4334  2455759.2177  1.84852623    1.79793964    
005474356     2455759.7285  2455759.7898  2455759.7694  18.9384       0.46649474    3.9394E+33    11.8655       0.0310        2455759.7250  2455759.7932  2455759.7394  0.66196050    2.74175389    
005474356     2455763.8154  2455763.8767  2455763.8358  4.7672        0.08659553    9.9163E+32    -99.0000      -99.0000      -99.0000      -99.0000      -99.0000      -99.00000000  4.01493766    
005474356     2455767.9635  2455768.0452  2455767.9839  28.4626       1.26427190    8.8807E+33    28.4625       0.0417        2455767.9642  2455768.2681  2455767.9941  2.10673803    1.38314529    
005474356     2455772.6633  2455772.7246  2455772.7042  21.6347       0.53425132    4.5002E+33    21.5690       0.0417        2455772.6609  2455772.7979  2455772.6837  1.59098832    3.24229128    
005474356     2455813.8985  2455813.9802  2455813.9189  12.5709       0.74164026    3.9221E+33    12.5153       0.0417        2455813.9031  2455814.0347  2455813.9256  0.93104308    1.97074498    
005474356     2455825.9950  2455826.0563  2455826.0154  25.2109       0.74645129    5.2439E+33    22.7288       0.0136        2455826.0016  2455826.0625  2455826.0098  0.56573361    2.37872916    
005474356     2455832.4927  2455832.5744  2455832.5131  46.3826       2.25975310    1.4471E+34    63.3350       0.0330        2455832.4936  2455832.7403  2455832.5174  3.78496639    2.94755187    
005474356     2455837.0492  2455837.1105  2455837.0901  18.8703       0.47307244    3.9286E+33    18.8074       0.0417        2455837.0455  2455837.2070  2455837.0696  1.39390387    2.34948652    
005474356     2455839.8690  2455839.9507  2455839.9099  112.6361      4.19720250    3.5174E+34    112.2960      0.0417        2455839.8693  2455840.1866  2455839.8996  8.30224746    5.01632349    
005474356     2455856.8896  2455856.9917  2455856.9100  535.7596      21.44396865   2.2307E+35    171.6779      0.0967        2455856.8129  2455857.3595  2455856.9006  25.54484487   1.76361698    
005474356     2455909.2174  2455909.2787  2455909.2379  8.3323        0.24144530    1.7346E+33    -99.0000      -99.0000      -99.0000      -99.0000      -99.0000      -99.00000000  3.84437230    
005474356     2455934.0023  2455934.0636  2455934.0227  45.5884       1.47140767    9.0515E+33    41.3224       0.0303        2455934.0003  2455934.1271  2455934.0184  2.27108064    4.71374183    
005474356     2455962.4451  2455962.5064  2455962.4859  10.6292       0.27934518    2.1104E+33    9.4104        0.0248        2455962.4544  2455962.4899  2455962.4635  0.42429567    3.30256168    
005474356     2455977.8110  2455977.8723  2455977.8314  62.8786       1.93571959    1.2485E+34    62.6417       0.0417        2455977.7996  2455978.1625  2455977.8313  4.60026253    2.08597725    
005474356     2456132.2943  2456132.3761  2456132.3556  29.4224       0.98779780    9.2748E+33    29.3070       0.0417        2456132.2987  2456132.5054  2456132.3249  2.17774296    2.69006834    
005474356     2456294.2267  2456294.3289  2456294.3084  0.9785        0.15642976    4.0988E+32    5.3803        0.0417        2456294.2554  2456294.2976  2456294.2675  0.39751076    2.51254213    
005474356     2456350.0090  2456350.0703  2456350.0498  302.0065      2.23790947    6.0564E+34    132.0065      0.0275        2456350.0260  2456350.2875  2456350.0476  6.58256275    3.51936753    
005474356     2456372.6496  2456372.7109  2456372.6904  13.2596       0.39352015    2.6591E+33    13.2506       0.0417        2456372.6488  2456372.7606  2456372.6700  0.97009603    2.47409374    
005510843     2454984.4569  2454984.5182  2454984.4978  121.3110      3.82457577    4.7639E+33    123.8820      0.0417        2454984.4588  2454984.5423  2454984.4773  9.43540765    31.49425863   
005510843     2455036.8494  2455036.9107  2455036.8902  583.9990      16.22221662   2.4880E+34    510.4926      0.0305        2455036.8449  2455037.0609  2455036.8665  28.43367411   26.22963698   
005510843     2455045.1658  2455045.2271  2455045.2067  141.8322      6.50590565    6.0424E+33    206.3217      0.0417        2455045.1658  2455045.2680  2455045.1862  15.65687250   42.36843374   
005510843     2455055.2803  2455055.3416  2455055.3007  97.8468       3.37492807    4.1685E+33    112.0750      0.0417        2455055.2820  2455055.3666  2455055.3007  8.50060340    28.04026124   
005510843     2455070.5643  2455070.6460  2455070.5847  448.5063      21.97589357   2.8661E+34    517.6593      0.0417        2455070.5717  2455070.7134  2455070.5948  39.31718042   75.11034666   
005510843     2455118.8879  2455118.9492  2455118.9083  211.4157      7.17588555    8.4815E+33    210.9705      0.0417        2455118.8807  2455119.1221  2455118.9083  16.01233533   15.39132396   
005510843     2455143.6523  2455143.7136  2455143.6727  410.1360      13.05964027   1.6454E+34    408.8914      0.0417        2455143.6463  2455143.8552  2455143.6727  31.10023081   36.98625428   
005510843     2455156.9131  2455156.9949  2455156.9336  767.9317      30.68678343   4.6212E+34    765.0160      0.0417        2455156.9103  2455157.3262  2455156.9437  58.24627222   18.08403986   
005510843     2455205.9934  2455206.0547  2455206.0139  160.0183      5.54599436    6.9762E+33    159.6474      0.0417        2455205.9889  2455206.1664  2455206.0138  12.13413577   17.80535096   
005510843     2455213.6356  2455213.6969  2455213.6764  128.3619      5.10381773    5.5961E+33    127.8732      0.0417        2455213.6299  2455213.8323  2455213.6559  9.72185840    12.07534213   
005510843     2455224.8128  2455224.8741  2455224.8332  305.9601      10.68952326   1.3339E+34    304.5384      0.0417        2455224.8066  2455225.0207  2455224.8331  23.21203469   26.63457448   
005510843     2455247.5967  2455247.6580  2455247.6171  512.0483      16.02861039   2.2324E+34    459.1041      0.0209        2455247.5958  2455247.7426  2455247.6105  17.62432351   24.08213695   
005510843     2455249.3949  2455249.4562  2455249.4153  682.7600      20.95861567   2.9767E+34    771.9079      0.0063        2455249.4120  2455249.4501  2455249.4161  8.95704961    52.33489090   
005510843     2455377.0277  2455377.1095  2455377.0482  145.1371      4.27542353    6.2020E+33    144.5538      0.0417        2455377.0293  2455377.1157  2455377.0481  11.01100527   35.45278228   
005510843     2455388.8998  2455388.9611  2455388.9407  335.1951      7.95784719    1.4323E+34    334.6576      0.0417        2455388.8993  2455389.0080  2455388.9202  25.41776211   64.42888258   
005510843     2455469.5293  2455469.5906  2455469.5498  122.2262      3.85455024    4.7538E+33    143.2681      0.0417        2455469.5296  2455469.6281  2455469.5497  10.88902656   30.60510741   
005510843     2455501.8947  2455501.9560  2455501.9356  514.9025      13.29484019   2.0026E+34    433.0159      0.0081        2455501.9044  2455501.9233  2455501.9082  6.39934143    93.28296846   
005510843     2455533.2181  2455533.2794  2455533.2386  184.9379      5.57532922    7.1929E+33    184.5083      0.0417        2455533.2165  2455533.3400  2455533.2385  14.03063777   31.02362473   
005510843     2455535.4044  2455535.4657  2455535.4249  770.4538      24.23565615   2.9966E+34    769.2167      0.0417        2455535.3996  2455535.5824  2455535.4248  58.45185125   82.76588049   
005510843     2455538.0812  2455538.1424  2455538.1016  396.2220      11.86455338   1.5411E+34    394.3801      0.0417        2455538.0801  2455538.1962  2455538.1015  30.05983448   70.99237956   
005510843     2455569.0986  2455569.1599  2455569.1190  300.0145      8.81658658    1.2741E+34    299.7649      0.0417        2455569.0982  2455569.2054  2455569.1190  22.75003957   58.52265097   
005510843     2455628.0501  2455628.1523  2455628.0910  1791.3558     85.68973378   1.5216E+35    1790.0313     0.0417        2455628.0577  2455628.4652  2455628.0909  135.83781487  44.53439522   
005510843     2455740.0918  2455740.1735  2455740.1122  2531.7450     110.71589944  1.6453E+35    2521.0495     0.0417        2455740.0894  2455740.4906  2455740.1223  191.81290168  65.55947009   
005510843     2455768.3518  2455768.4131  2455768.3722  211.8281      6.70085593    9.1772E+33    211.6387      0.0417        2455768.3518  2455768.4541  2455768.3722  16.07074054   43.38829094   
005510843     2455845.4257  2455845.4870  2455845.4665  591.0387      13.93556676   2.7950E+34    399.1594      0.0200        2455845.4287  2455845.4689  2455845.4376  14.63764218   101.02967050  
005510843     2455862.5278  2455862.5891  2455862.5687  108.8918      3.34331986    5.1495E+33    112.6452      0.0417        2455862.5298  2455862.6123  2455862.5482  8.49062280    28.89734025   
005510843     2455868.0242  2455868.0855  2455868.0447  1066.6696     33.69314460   5.0443E+34    1214.0712     0.0134        2455868.0374  2455868.1242  2455868.0466  29.91426035   73.87573958   
005510843     2455879.3031  2455879.3644  2455879.3235  449.1195      14.73662962   2.1239E+34    448.4797      0.0417        2455879.2992  2455879.4634  2455879.3235  34.01571908   54.85060329   
005510843     2455899.5519  2455899.6132  2455899.5723  281.3141      9.64591438    1.3303E+34    281.0686      0.0417        2455899.5442  2455899.7977  2455899.5723  21.34241530   18.93691131   
005510843     2455918.6771  2455918.7384  2455918.7179  157.5088      6.04655134    7.4487E+33    214.1179      0.0084        2455918.6929  2455918.7232  2455918.6976  3.32995541    29.27640019   
005510843     2455924.7866  2455924.8479  2455924.8274  290.9375      6.98446951    1.3759E+34    278.5964      0.0159        2455924.7990  2455924.8644  2455924.8084  8.07747495    32.26042427   
005510843     2455929.0366  2455929.0979  2455929.0775  156.6050      4.50846363    7.4060E+33    156.1295      0.0417        2455929.0389  2455929.1187  2455929.0570  11.87521820   41.51855640   
005510843     2455933.4706  2455933.5319  2455933.5115  525.0805      11.28921259   2.2749E+34    524.2487      0.0417        2455933.4699  2455933.5806  2455933.4910  39.81670272   98.94984653   
005510843     2455967.0837  2455967.1450  2455967.1246  100.2691      2.75998534    4.3442E+33    100.2052      0.0417        2455967.0853  2455967.1709  2455967.1041  7.58864441    24.75241636   
005510843     2456004.5802  2456004.6415  2456004.6006  272.4594      9.73151826    1.1805E+34    291.8918      0.0417        2456004.5823  2456004.6632  2456004.6006  22.17222766   76.52835698   
005510843     2456116.6831  2456116.8261  2456116.7444  2297.3246     143.99454235  3.1329E+35    2516.0503     0.0417        2456116.7155  2456116.9915  2456116.7443  191.63481697  146.97903386  
005510843     2456227.8196  2456227.8809  2456227.8605  383.9891      7.91080618    1.5315E+34    383.6540      0.0417        2456227.8188  2456227.9312  2456227.8400  29.13203838   71.17120105   
005510843     2456241.5503  2456241.6116  2456241.5912  117.8704      3.26287536    4.7011E+33    117.6569      0.0417        2456241.5518  2456241.6388  2456241.5707  8.94241386    28.58402793   
005510843     2456262.3508  2456262.4121  2456262.3917  215.0075      6.54707411    8.5754E+33    214.6608      0.0417        2456262.3509  2456262.4517  2456262.3712  16.31192583   44.75238588   
005510843     2456289.3426  2456289.4039  2456289.3835  1592.3944     28.02877403   6.3512E+34    819.2796      0.0366        2456289.3355  2456289.4969  2456289.3576  54.84732903   87.56521266   
005510843     2456324.9577  2456325.0190  2456324.9986  147.0523      4.69020536    7.5395E+33    146.6036      0.0417        2456324.9585  2456325.0520  2456324.9781  11.14459293   33.13415171   
005510843     2456355.7923  2456355.8536  2456355.8127  203.4616      6.06772220    1.0432E+34    202.8235      0.0417        2456355.7906  2456355.9152  2456355.8126  15.43586670   33.80122206   
005510843     2456380.5176  2456380.5789  2456380.5380  244.1979      7.54056343    1.2521E+34    243.0622      0.0417        2456380.5171  2456380.6251  2456380.5379  18.51731744   47.27862140   
005563561     2455050.3971  2455050.4789  2455050.4584  17.2514       0.80429122    7.2905E+33    23.5288       0.0511        2455050.4027  2455050.6207  2455050.4333  2.20392877    2.62410337    
005563561     2455309.4503  2455309.5116  2455309.4707  26.3207       0.98109621    7.0893E+33    26.2491       0.0417        2455309.4483  2455309.5776  2455309.4707  2.00354249    4.20422431    
005563561     2455364.7054  2455364.7667  2455364.7258  13.9816       0.41946472    3.7658E+33    13.9470       0.0417        2455364.7081  2455364.7837  2455364.7257  1.06428995    3.91434478    
005563561     2455432.3011  2455432.3828  2455432.3420  13.7685       0.68811153    6.0137E+33    14.9210       0.0645        2455432.2972  2455432.4352  2455432.3268  1.76145768    3.53667286    
005563561     2455805.2143  2455805.2756  2455805.2552  37.5931       0.72971232    1.1099E+34    31.5244       0.0181        2455805.2353  2455805.3232  2455805.2466  1.04378047    2.96781407    
005563561     2455977.7497  2455977.8110  2455977.7701  46.6273       1.54328770    1.3137E+34    46.5287       0.0417        2455977.7448  2455977.9294  2455977.7701  3.54928339    4.94504206    
005563561     2456049.7594  2456049.8207  2456049.7799  16.9403       0.61293046    4.6297E+33    16.8702       0.0417        2456049.7608  2456049.8494  2456049.7798  1.28949277    4.03222118    
005563561     2456062.3267  2456062.3880  2456062.3675  18.1280       0.43598724    4.9543E+33    18.0857       0.0417        2456062.3287  2456062.4113  2456062.3471  1.37990864    4.63475212    
005563561     2456133.2956  2456133.3569  2456133.3365  25.3617       0.75340006    7.4418E+33    25.3471       0.0417        2456133.2956  2456133.3981  2456133.3160  1.93054435    5.18616594    
005563561     2456170.3014  2456170.4036  2456170.3219  28.5959       2.00446477    1.6781E+34    31.0398       0.1825        2456170.2532  2456170.7731  2456170.3483  10.35764935   5.44042378    
005563561     2456231.3148  2456231.3761  2456231.3556  16.4323       0.56415680    5.0720E+33    16.3847       0.0417        2456231.3143  2456231.4217  2456231.3351  1.25083313    3.19710324    
005563561     2456238.4458  2456238.5275  2456238.4662  12.0146       0.54818443    5.5626E+33    13.8841       0.0537        2456238.4515  2456238.5736  2456238.4769  1.36572450    3.09309790    
005563561     2456238.6705  2456238.7318  2456238.6910  11.1564       0.32711736    3.4435E+33    11.1125       0.0417        2456238.6734  2456238.7487  2456238.6909  0.84922194    3.13264761    
005563561     2456289.8950  2456290.0585  2456289.9563  17.6612       2.03554076    1.9079E+34    16.9373       0.2514        2456289.8168  2456290.6276  2456289.9542  7.77944355    2.59563999    
005563561     2456290.4671  2456290.5284  2456290.4876  10.6672       0.38339493    3.2925E+33    10.6318       0.0417        2456290.4685  2456290.5566  2456290.4875  0.81198131    2.55313446    
005563561     2456346.8009  2456346.8826  2456346.8418  20.4244       1.19262413    8.6965E+33    21.7194       0.0762        2456346.7860  2456347.0345  2456346.8277  3.03044620    3.29363665    
005648294     2455007.3631  2455007.4244  2455007.4039  21.4446       0.61119930    3.2521E+33    21.3781       0.0417        2455007.3602  2455007.5042  2455007.3834  1.63235836    3.04308033    
005648294     2455008.8957  2455008.9570  2455008.9161  25.7265       0.72417958    3.9014E+33    20.8462       0.0075        2455008.9057  2455008.9317  2455008.9099  0.28617042    2.94289602    
005648294     2455670.7568  2455670.8181  2455670.7772  66.7721       1.99732615    9.6633E+33    66.6208       0.0417        2455670.7500  2455670.9795  2455670.7771  5.08271410    5.25261802    
005648294     2455676.7645  2455676.8258  2455676.7849  18.4669       0.65864741    2.6726E+33    18.4275       0.0417        2455676.7648  2455676.8643  2455676.7849  1.40571055    3.89396771    
005648294     2455724.5610  2455724.6223  2455724.5814  16.0977       0.49552528    2.3297E+33    16.0377       0.0417        2455724.5640  2455724.6373  2455724.5813  1.22535285    4.64570085    
005648294     2456109.5100  2456109.5713  2456109.5509  3.0571        -0.04507644   4.8366E+32    8.1335        0.0417        2456109.5145  2456109.5776  2456109.5304  0.62022988    2.71741104    
005648294     2456114.7617  2456114.8230  2456114.8026  14.1982       0.46561943    2.2460E+33    14.1860       0.0417        2456114.7623  2456114.8575  2456114.7821  1.08077026    3.13768171    
005648294     2456116.7234  2456116.7847  2456116.7643  14.9168       0.31968244    2.3597E+33    14.9154       0.0417        2456116.7238  2456116.8216  2456116.7438  1.13547605    3.20363468    
005648294     2456157.0603  2456157.1216  2456157.0808  18.6012       0.64073494    2.9424E+33    19.4261       0.0512        2456157.0555  2456157.1714  2456157.0796  1.82398714    4.35067478    
005695372     2455028.1856  2455028.2469  2455028.2060  86.5538       2.57957970    1.1408E+34    86.2610       0.0417        2455028.1772  2455028.4492  2455028.2059  6.58845270    5.16870819    
005695372     2455217.3748  2455217.4361  2455217.3953  50.2290       1.77921636    6.7627E+33    63.0881       0.1106        2455217.3536  2455217.6617  2455217.4107  12.76436807   11.32891194   
005695372     2455217.4361  2455217.4974  2455217.4770  49.9373       1.69621118    6.7234E+33    62.4873       0.1466        2455217.4011  2455217.7926  2455217.4756  16.75181367   11.73592001   
005695372     2455217.4974  2455217.5792  2455217.5383  43.8086       2.57294934    8.8474E+33    64.7374       0.1350        2455217.4842  2455217.8409  2455217.5525  15.97672348   12.29079755   
005695372     2455217.5792  2455217.7018  2455217.5996  48.8052       4.56828325    1.6427E+34    57.7733       0.1389        2455217.5737  2455217.9061  2455217.6411  14.66308937   12.17156246   
005695372     2455217.7018  2455217.7631  2455217.7426  37.5036       1.39168074    5.0494E+33    49.0745       0.0898        2455217.6906  2455217.8794  2455217.7316  8.05996343    11.84108736   
005695372     2455224.2201  2455224.2814  2455224.2405  55.9778       1.90649638    7.5367E+33    61.5802       0.0510        2455224.2166  2455224.3572  2455224.2428  5.76130288    11.21238106   
005695372     2455246.5951  2455246.6564  2455246.6155  101.9624      3.41103228    1.3728E+34    110.6913      0.0287        2455246.5955  2455246.7581  2455246.6144  5.82107870    8.37663408    
005695372     2455323.3466  2455323.4079  2455323.3670  101.7691      3.18982176    1.3764E+34    101.4087      0.0417        2455323.3407  2455323.5494  2455323.3670  7.74664529    9.18015567    
005695372     2455350.0953  2455350.1566  2455350.1362  51.5918       1.58611149    6.9778E+33    51.4202       0.0417        2455350.0943  2455350.2093  2455350.1157  3.92715474    9.34458695    
005695372     2455438.9211  2455438.9824  2455438.9415  70.1932       2.02944378    9.3524E+33    56.7933       0.0252        2455438.9217  2455438.9995  2455438.9352  2.62024205    9.13861127    
005695372     2455572.7153  2455572.7766  2455572.7358  52.7994       1.67279960    7.1562E+33    50.1668       0.0201        2455572.7202  2455572.7960  2455572.7317  1.85032136    6.47500015    
005695372     2455647.7892  2455647.8914  2455647.8301  187.5100      5.80208277    5.1000E+34    186.9683      0.0417        2455647.7988  2455648.1432  2455647.8300  14.27328494   7.01391474    
005695372     2456011.7931  2456011.8953  2456011.8748  46.5734       3.39239287    1.2707E+34    59.0365       0.0927        2456011.7934  2456012.0362  2456011.8401  10.01286554   11.31940056   
005695372     2456359.2454  2456359.3680  2456359.2658  108.7866      10.40428001   3.7510E+34    125.3833      0.2537        2456359.1359  2456360.5980  2456359.3041  58.13179615   9.21426376    
005695372     2456397.7229  2456397.7842  2456397.7434  49.7903       1.53255136    6.8516E+33    49.6942       0.0417        2456397.7191  2456397.8805  2456397.7433  3.79004581    6.21089034    
005706292     2455004.7068  2455004.7886  2455004.7681  9.7059        0.48132652    3.5913E+33    11.4080       0.0572        2455004.7005  2455004.9074  2455004.7330  1.19171730    1.53774934    
005706292     2455217.5792  2455217.6609  2455217.6405  11.6307       0.41563685    4.5057E+33    11.6298       0.0417        2455217.5862  2455217.7365  2455217.6098  0.88533210    1.57225026    
005706292     2455432.2804  2455432.3417  2455432.3008  26.4587       1.03968170    6.6004E+33    30.7293       0.3299        2455432.1558  2455433.0694  2455432.3260  18.52718051   5.54960414    
005706292     2455432.3417  2455432.4030  2455432.3826  22.6863       0.84110429    5.6593E+33    28.1093       0.2656        2455432.2703  2455433.0325  2455432.4093  13.64329445   4.88641744    
005706292     2455432.4030  2455432.4643  2455432.4439  27.2741       0.91858884    6.8038E+33    26.4148       0.2771        2455432.3018  2455433.0313  2455432.4419  13.37697351   5.03444542    
005706292     2455432.4643  2455432.5460  2455432.5256  31.6582       1.42862793    1.1846E+34    31.6515       0.0417        2455432.4729  2455432.5969  2455432.4950  2.40984186    5.29042266    
005706292     2455466.8941  2455466.9963  2455466.9350  22.6236       1.61635351    1.1420E+34    22.9658       0.1875        2455466.8230  2455467.5664  2455466.9330  7.86769276    2.78869243    
005706292     2455488.7776  2455488.8594  2455488.7981  25.2372       1.41972417    9.5546E+33    13.5715       0.1419        2455488.7506  2455489.0441  2455488.8149  3.51976301    3.32908195    
005706292     2455489.4110  2455489.4928  2455489.4315  21.8737       1.16159378    8.2812E+33    21.7949       0.0417        2455489.4195  2455489.5445  2455489.4416  1.66501892    3.62422520    
005706292     2455489.5949  2455489.7175  2455489.6154  26.9228       2.48357826    1.6988E+34    26.9029       0.0417        2455489.6217  2455489.7849  2455489.6460  2.04937309    3.31288802    
005706292     2455489.7175  2455489.7993  2455489.7788  24.4731       1.18203611    9.2653E+33    22.7473       0.7553        2455489.3769  2455491.7902  2455489.7884  31.24893047   3.52127279    
005706292     2455489.7993  2455489.9014  2455489.8606  22.7117       1.73060057    1.1465E+34    21.7361       0.8403        2455489.3714  2455491.9616  2455489.8232  33.13240189   3.49890395    
005706292     2455490.2283  2455490.3714  2455490.2692  28.5777       2.95958900    2.1638E+34    27.5686       0.5201        2455490.0147  2455492.0977  2455490.3208  26.18599184   3.30809395    
005706292     2455490.3714  2455490.4531  2455490.4122  24.0721       1.31819601    9.1135E+33    33.9003       0.4652        2455490.2478  2455492.4563  2455490.5372  28.81243034   3.29068052    
005706292     2455490.4531  2455490.6166  2455490.4735  32.7166       3.34132553    2.8901E+34    32.6740       0.0417        2455490.4988  2455490.6950  2455490.5246  2.49039137    3.20861378    
005706292     2455490.8413  2455490.9231  2455490.9026  24.6731       1.32014232    9.3410E+33    21.2301       0.4934        2455490.6117  2455492.2075  2455490.8816  19.13830252   3.24445951    
005706292     2455491.2704  2455491.3521  2455491.2908  22.0039       1.23992519    8.3305E+33    20.0830       0.4057        2455491.0742  2455492.3372  2455491.2931  14.88443420   3.19796101    
005706292     2455492.0673  2455492.1694  2455492.1081  19.2722       1.41616471    9.7283E+33    18.6236       0.3659        2455491.8999  2455492.9247  2455492.0896  12.44962163   3.32196711    
005706292     2455511.4170  2455511.4987  2455511.4374  16.4912       0.81669558    6.2434E+33    16.4785       0.0417        2455511.4232  2455511.5885  2455511.4476  1.25531936    1.99935416    
005706292     2455530.3376  2455530.4193  2455530.3785  11.6651       0.63788343    4.4163E+33    13.7960       0.1061        2455530.3177  2455530.6850  2455530.3771  2.67944000    1.95920205    
005706292     2455713.7720  2455713.8537  2455713.8128  12.0930       0.58291854    4.9743E+33    12.0564       0.0417        2455713.7809  2455713.9001  2455713.8026  0.92052640    2.10779465    
005706292     2455803.5385  2455803.6202  2455803.5998  12.8196       0.71165576    4.8723E+33    12.7702       0.0417        2455803.5457  2455803.6923  2455803.5691  0.97582851    1.78424284    
005706292     2455850.5754  2455850.6571  2455850.6162  8.7712        0.37559706    3.3494E+33    8.7323        0.0417        2455850.5859  2455850.6848  2455850.6059  0.66766446    1.86192900    
005706292     2455897.6931  2455897.7748  2455897.7135  11.5222       0.59927154    4.3999E+33    11.4932       0.0417        2455897.7032  2455897.8066  2455897.7237  0.87707470    2.33509277    
005706292     2455897.8974  2455897.9996  2455897.9178  11.8137       0.83786538    6.0149E+33    12.4843       0.1020        2455897.8850  2455898.1569  2455897.9368  2.32805462    2.34847722    
005706292     2455899.1642  2455899.2664  2455899.2255  39.8803       0.90232663    1.5229E+34    45.8862       0.0380        2455899.1929  2455899.4651  2455899.2199  3.18643173    2.30640940    
005706292     2456072.9123  2456072.9940  2456072.9736  12.7255       0.56541362    5.2529E+33    18.1938       0.0335        2456072.9220  2456073.0751  2456072.9425  1.11536588    1.85668868    
005706292     2456087.9317  2456088.0134  2456087.9521  14.4040       0.66518911    5.9457E+33    14.9481       0.0626        2456087.9223  2456088.1649  2456087.9586  1.71328981    1.86704775    
005706292     2456088.1973  2456088.2995  2456088.2586  14.3737       1.00824506    7.9110E+33    14.9397       0.1048        2456088.1813  2456088.5858  2456088.2422  2.86148490    1.87188259    
005706292     2456120.0340  2456120.1157  2456120.0953  17.5692       0.46794539    6.7445E+33    15.7298       0.0370        2456120.0489  2456120.2028  2456120.0709  1.06375029    1.80398019    
005706292     2456238.6087  2456238.6904  2456238.6496  19.1244       0.90266995    7.3827E+33    18.8080       0.1139        2456238.5729  2456239.0590  2456238.6413  3.91370671    2.08973261    
005706292     2456238.7109  2456238.8130  2456238.7926  12.6673       0.85141963    6.5201E+33    13.9140       0.1256        2456238.6967  2456239.1153  2456238.7661  3.19507224    2.05802955    
005706292     2456252.5846  2456252.6664  2456252.6051  19.7435       0.81069761    7.6217E+33    19.6846       0.0417        2456252.5916  2456252.7419  2456252.6152  1.50288417    2.67045178    
005706292     2456394.0854  2456394.1467  2456394.1058  21.3716       0.75855146    5.9709E+33    21.3693       0.0417        2456394.0796  2456394.2856  2456394.1058  1.62682267    1.96285307    
005706292     2456395.7610  2456395.8223  2456395.8019  4.4850        0.16155637    1.2530E+33    6.1883        0.0417        2456395.7656  2456395.8279  2456395.7813  0.47260505    2.09320967    
005783884     2455248.7611  2455248.8428  2455248.7815  162.8583      5.34465009    3.0164E+34    162.4862      0.0417        2455248.7601  2455249.1178  2455248.7917  12.39683239   5.58650417    
005783884     2455298.0077  2455298.0690  2455298.0281  18.7322       0.61267673    2.3414E+33    19.7760       0.0417        2455298.0103  2455298.0872  2455298.0281  1.50654006    5.44375338    
005783884     2455305.8750  2455305.9363  2455305.9159  45.2964       1.36039136    5.6616E+33    45.2709       0.0417        2455305.8722  2455306.0144  2455305.8954  3.44799685    6.51733796    
005783884     2455425.2104  2455425.2717  2455425.2513  21.9950       0.65513819    2.6922E+33    21.9403       0.0417        2455425.2123  2455425.2959  2455425.2308  1.67426890    5.55772138    
005783884     2455684.2647  2455684.3464  2455684.3056  57.1418       2.54904129    1.0687E+34    56.9791       0.0417        2455684.2682  2455684.4969  2455684.2953  4.34965242    4.52066363    
005783884     2455754.1706  2455754.2319  2455754.2115  25.1769       0.68254197    3.1547E+33    28.6960       0.0365        2455754.1831  2455754.2826  2455754.2018  1.91829969    5.27799167    
005783884     2455820.0485  2455820.1098  2455820.0689  24.9027       0.88643153    3.1202E+33    24.8793       0.0417        2455820.0476  2455820.1608  2455820.0689  1.89560760    4.58611753    
005783884     2455892.3600  2455892.4213  2455892.4009  39.2397       1.19845104    4.9101E+33    39.0584       0.0417        2455892.3573  2455892.4981  2455892.3803  2.98691602    5.70707781    
005783884     2455913.4874  2455913.5487  2455913.5283  8.8022        0.33888021    1.1014E+33    7.2958        0.0373        2455913.4893  2455913.5179  2455913.4981  0.49750358    4.05661951    
005783884     2455919.8216  2455919.9033  2455919.8624  34.3013       1.39733253    6.4383E+33    34.2257       0.0417        2455919.8294  2455919.9651  2455919.8522  2.61102921    5.19621351    
005783884     2456064.7795  2456064.8408  2456064.8204  32.3643       0.52338412    4.1206E+33    32.2164       0.0417        2456064.7784  2456064.8959  2456064.7999  2.46356081    5.72316085    
005783884     2456065.0452  2456065.1065  2456065.0860  29.6968       0.93248311    3.7810E+33    33.0311       0.0103        2456065.0598  2456065.0934  2456065.0653  0.62676857    5.00852061    
005783884     2456345.1051  2456345.1664  2456345.1460  23.1570       0.82532773    2.9088E+33    30.6749       0.0444        2456345.1107  2456345.2276  2456345.1331  2.49113900    5.84312933    
005783884     2456368.1954  2456368.2567  2456368.2158  26.1295       0.93144441    3.2823E+33    31.9800       0.0356        2456368.2002  2456368.3014  2456368.2187  2.08359253    5.62114398    
005783884     2456393.2273  2456393.2886  2456393.2477  27.3077       0.86576649    3.4738E+33    27.2202       0.0417        2456393.2272  2456393.3312  2456393.2477  2.07865315    5.50094224    
005788095     2455014.3518  2455014.4131  2455014.3722  98.5776       3.94341550    1.1140E+34    112.1111      0.2904        2455014.2135  2455015.8039  2455014.4028  59.47626000   8.90503131    
005788095     2455333.1346  2455333.1959  2455333.1550  24.7176       0.79605443    2.8806E+33    24.6783       0.0417        2455333.1366  2455333.2188  2455333.1550  1.88152028    6.35690274    
005788095     2455921.2724  2455921.3337  2455921.2928  64.2888       1.97374258    7.8650E+33    64.1097       0.0417        2455921.2676  2455921.4478  2455921.2927  4.89368555    7.02723931    
